[[784. 301. 911. 302. 911. 337. 784. 336. 110.]
 [788. 335. 871. 334. 871. 365. 788. 365.  60.]
 [844. 449. 904. 448. 904. 467. 845. 468.  33.]
 [659.  80. 701.  85. 699.  99. 657.  94.  19.]
 [649. 137. 685. 139. 684. 154. 648. 152.  11.]
 [822. 281. 876. 284. 876. 300. 821. 297.   6.]
 [787. 282. 820. 284. 819. 300. 786. 297.   6.]
 [638. 153. 663. 155. 662. 169. 637. 167.   6.]
 [866. 281. 905. 283. 904. 300. 865. 298.   5.]
 [696. 139. 723. 142. 722. 156. 695. 153.   4.]
 [666. 153. 695. 157. 693. 173. 664. 169.   4.]]